x1 = 0.796181
x2 = 10.5801
x3 = 0.320567
x4 = 0.892713
x5 = -0.418327
x6 = -0.546407
x7 = -0.755203
x8 = -0.634064
x9 = -0.131061
x10 = -0.459398
x11 = -0.193476
x12 = -0.59852
x13 = -0.954537
x14 = -1.52297
x15 = -1.02826
x16 = -0.10053
x17 = -0.133783
x18 = -0.253892
x19 = -0.562687
x20 = -1.1133
x21 = -1.96896
x22 = -1.25509
x23 = -0.0824237
x24 = -0.0692016
x25 = -0.254213
x26 = -0.618831
x27 = -1.29717
x28 = -2.02878
x29 = -1.35186
x30 = -0.113942
x31 = -0.0682701
x32 = -0.294642
x33 = -0.672442
x34 = -1.51878
x35 = -2.59934
x36 = -1.74306
x37 = -0.507199
x38 = -0.260488
x39 = -0.334878
x40 = -0.218561
x41 = -1.45395
x42 = -2.85745
x43 = 2.00553
x44 = -1.41108
x45 = -0.771362
x46 = -0.0396636
x47 = 0.567018
x48 = -0.504491
x49 = -1.23915
