x1 = -11.7104
x2 = -66.2199
x3 = 0.511541
x4 = -11.5659
x5 = -2.69367
x6 = -0.481492
x7 = -0.549186
x8 = -0.475968
x9 = -0.74264
x10 = -0.720014
x11 = -1.68504
x12 = -1.87758
x13 = -0.684663
x14 = -0.392347
x15 = -0.370857
x16 = -0.53539
x17 = -0.731365
x18 = -0.833244
x19 = -0.739663
x20 = -0.455874
x21 = -0.240816
x22 = -0.236554
x23 = -0.37263
x24 = -0.476619
x25 = -0.196152
x26 = -0.297873
x27 = -0.240108
x28 = -0.143281
x29 = -0.202544
x30 = -0.33539
x31 = -0.534794
x32 = -0.979747
x33 = -0.528559
x34 = -0.247935
x35 = -0.200985
x36 = -0.328203
x37 = -0.547173
x38 = -0.420269
x39 = 0.0468018
x40 = -0.334389
x41 = -0.446096
x42 = -0.253949
x43 = -0.612701
x44 = -1.06004
x45 = -2.48425
x46 = -6.84907
x47 = -0.661652
x48 = -0.740642
x49 = -0.186282
