x1 = 0.850213
x2 = 1.41432
x3 = 1.36321
x4 = 1.24631
x5 = 1.11131
x6 = 1.03194
x7 = 1.01923
x8 = 1.09078
x9 = 1.24938
x10 = 1.48438
x11 = 1.81622
x12 = 2.26056
x13 = 3.08972
x14 = 5.38347
x15 = 2.1561
x16 = 0.176187
x17 = 0.774367
x18 = 1.00852
x19 = 1.05887
x20 = 1.01705
x21 = 1.01408
x22 = 1.08201
x23 = 1.24869
x24 = 1.55774
x25 = 2.00272
x26 = 2.74189
x27 = 3.87744
x28 = 6.37784
x29 = 10.8923
x30 = 4.57597
x31 = 0.0325181
x32 = 0.35353
x33 = 0.609609
x34 = 0.800223
x35 = 0.885611
x36 = 0.997205
x37 = 1.19096
x38 = 1.51144
x39 = 2.04577
x40 = 2.81548
x41 = 4.09489
x42 = 6.05156
x43 = 9.57271
x44 = 13.4798
x45 = 5.27469
x46 = -0.0155901
x47 = 0.170874
x48 = 0.34373
x49 = 0.570197
x50 = 0.759971
x51 = 0.99855
x52 = 1.34269
x53 = 1.85392
x54 = 2.64289
x55 = 3.75911
x56 = 5.47318
x57 = 7.81471
x58 = 11.0717
x59 = 13.6093
x60 = 5.13348
x61 = -0.0271054
x62 = 0.0951178
x63 = 0.212613
x64 = 0.429587
x65 = 0.681088
x66 = 1.02903
x67 = 1.51972
x68 = 2.21762
x69 = 3.2313
x70 = 4.59459
x71 = 6.46861
x72 = 8.66731
x73 = 11.1846
x74 = 12.6971
x75 = 4.69599
x76 = -0.029434
x77 = 0.0662547
x78 = 0.160324
x79 = 0.368428
x80 = 0.655039
x81 = 1.0816
x82 = 1.68811
x83 = 2.5311
x84 = 3.69467
x85 = 5.16448
x86 = 6.9775
x87 = 8.83799
x88 = 10.7091
x89 = 11.6061
x90 = 4.26714
x91 = -0.0271649
x92 = 0.0570779
x93 = 0.144647
x94 = 0.351119
x95 = 0.658148
x96 = 1.13165
x97 = 1.80965
x98 = 2.73944
x99 = 3.97737
x100 = 5.46584
x101 = 7.16487
x102 = 8.75771
x103 = 10.2379
x104 = 10.8218
x105 = 3.98932
x106 = -0.0267589
x107 = 0.0554565
x108 = 0.142169
x109 = 0.349299
x110 = 0.663668
x111 = 1.15356
x112 = 1.85639
x113 = 2.81656
x114 = 4.07866
x115 = 5.57056
x116 = 7.22725
x117 = 8.73526
x118 = 10.0966
x119 = 10.5984
x120 = 3.9464
x121 = -0.0272585
x122 = 0.0574226
x123 = 0.145212
x124 = 0.352611
x125 = 0.660471
x126 = 1.13633
x127 = 1.81754
x128 = 2.75468
x129 = 4.00367
x130 = 5.51266
x131 = 7.23811
x132 = 8.8691
x133 = 10.3831
x134 = 11.0125
x135 = 4.15192
x136 = -0.0296241
x137 = 0.0668207
x138 = 0.161211
x139 = 0.37087
x140 = 0.658786
x141 = 1.08927
x142 = 1.70098
x143 = 2.55634
x144 = 3.73864
x145 = 5.24449
x146 = 7.10545
x147 = 9.03692
x148 = 10.9716
x149 = 11.9521
x150 = 4.56481
x151 = -0.0273871
x152 = 0.0957312
x153 = 0.213469
x154 = 0.432226
x155 = 0.684972
x156 = 1.03729
x157 = 1.53335
x158 = 2.24503
x159 = 3.27947
x160 = 4.68558
x161 = 6.61975
x162 = 8.91376
x163 = 11.5203
x164 = 13.1515
x165 = 5.08697
x166 = -0.0159319
x167 = 0.171376
x168 = 0.344332
x169 = 0.572384
x170 = 0.76302
x171 = 1.00538
x172 = 1.35366
x173 = 1.87672
x174 = 2.68301
x175 = 3.83837
x176 = 5.61193
x177 = 8.0619
x178 = 11.4329
x179 = 14.0955
x180 = 5.55418
x181 = 0.0322657
x182 = 0.353827
x183 = 0.609764
x184 = 0.801826
x185 = 0.887252
x186 = 1.00193
x187 = 1.1975
x188 = 1.5267
x189 = 2.07104
x190 = 2.86949
x191 = 4.1914
x192 = 6.25156
x193 = 9.93381
x194 = 14.0774
x195 = 5.71906
x196 = 0.173843
x197 = 0.775339
x198 = 1.00758
x199 = 1.06055
x200 = 1.01684
x201 = 1.01739
x202 = 1.08378
x203 = 1.25756
x204 = 1.5674
x205 = 2.03212
x206 = 2.78403
x207 = 3.99683
x208 = 6.61381
x209 = 11.7508
x210 = 6.07963
x211 = 0.850831
x212 = 1.41418
x213 = 1.36319
x214 = 1.24658
x215 = 1.1114
x216 = 1.03265
x217 = 1.01983
x218 = 1.09285
x219 = 1.25213
x220 = 1.49144
x221 = 1.82809
x222 = 2.28984
x223 = 3.16795
x224 = 5.56873
x225 = 1.84134
