x1 = 1.70664
x2 = 1.35199
x3 = 0.996694
x4 = 0.84779
x5 = 0.995692
x6 = 1.35066
x7 = 1.7064
x8 = 1.35191
x9 = 0.993629
x10 = 0.634135
x11 = 0.484197
x12 = 0.630467
x13 = 0.990498
x14 = 1.35078
x15 = 0.996211
x16 = 0.632345
x17 = 0.264311
x18 = 0.106048
x19 = 0.252569
x20 = 0.617278
x21 = 0.991831
x22 = 0.846822
x23 = 0.47503
x24 = 0.0938033
x25 = -0.0700323
x26 = 0.0714821
x27 = 0.429663
x28 = 0.842628
x29 = 0.991135
x30 = 0.613766
x31 = 0.204843
x32 = -0.00699211
x33 = 0.1931
x34 = 0.598699
x35 = 0.986755
x36 = 1.34521
x37 = 0.977773
x38 = 0.557834
x39 = 0.25445
x40 = 0.554165
x41 = 0.974641
x42 = 1.34408
x43 = 1.7054
x44 = 1.34628
x45 = 0.974513
x46 = 0.826552
x47 = 0.973511
x48 = 1.34496
x49 = 1.70515
