x1 = 0.850047
x2 = 1.4137
x3 = 1.36196
x4 = 1.24434
x5 = 1.10868
x6 = 1.02878
x7 = 1.01576
x8 = 1.08728
x9 = 1.2461
x10 = 1.48155
x11 = 1.81399
x12 = 2.259
x13 = 3.08879
x14 = 5.38303
x15 = 2.15599
x16 = 0.175572
x17 = 0.772086
x18 = 1.00387
x19 = 1.05158
x20 = 1.00727
x21 = 1.00236
x22 = 1.06917
x23 = 1.23572
x24 = 1.5456
x25 = 1.99225
x26 = 2.73365
x27 = 3.87165
x28 = 6.37436
x29 = 10.8907
x30 = 4.57556
x31 = 0.0312663
x32 = 0.348886
x33 = 0.600153
x34 = 0.785392
x35 = 0.865726
x36 = 0.973373
x37 = 1.16487
x38 = 1.48508
x39 = 2.02112
x40 = 2.79422
x41 = 4.07816
x42 = 6.03981
x43 = 9.56566
x44 = 13.4766
x45 = 5.27387
x46 = -0.017553
x47 = 0.163594
x48 = 0.328911
x49 = 0.546959
x50 = 0.728827
x51 = 0.961237
x52 = 1.30185
x53 = 1.81268
x54 = 2.60434
x55 = 3.72588
x56 = 5.44704
x57 = 7.79635
x58 = 11.0606
x59 = 13.6042
x60 = 5.1322
x61 = -0.0297344
x62 = 0.0853693
x63 = 0.192772
x64 = 0.398484
x65 = 0.639416
x66 = 0.979121
x67 = 1.46512
x68 = 2.16249
x69 = 3.17979
x70 = 4.5502
x71 = 6.43369
x72 = 8.64278
x73 = 11.1699
x74 = 12.6903
x75 = 4.69427
x76 = -0.0325799
x77 = 0.0545919
x78 = 0.136592
x79 = 0.331234
x80 = 0.605221
x81 = 1.02195
x82 = 1.62287
x83 = 2.46526
x84 = 3.63317
x85 = 5.11149
x86 = 6.93582
x87 = 8.80872
x88 = 10.6915
x89 = 11.598
x90 = 4.26509
x91 = -0.0306017
x92 = 0.0443384
x93 = 0.118729
x94 = 0.310508
x95 = 0.603763
x96 = 1.06655
x97 = 1.73847
x98 = 2.66761
x99 = 3.91029
x100 = 5.40806
x101 = 7.11943
x102 = 8.7258
x103 = 10.2188
x104 = 10.8129
x105 = 3.98708
x106 = -0.0302226
x107 = 0.0426188
x108 = 0.116055
x109 = 0.308386
x110 = 0.60889
x111 = 1.088
x112 = 1.78473
x113 = 2.74426
x114 = 4.01114
x115 = 5.5124
x116 = 7.18151
x117 = 8.70315
x118 = 10.0773
x119 = 10.5895
x120 = 3.94414
x121 = -0.0304888
x122 = 0.0454514
x123 = 0.120863
x124 = 0.314468
x125 = 0.609406
x126 = 1.07523
x127 = 1.75074
x128 = 2.68729
x129 = 3.94075
x130 = 5.45846
x131 = 7.19549
x132 = 8.83917
x133 = 10.3651
x134 = 11.0042
x135 = 4.14982
x136 = -0.0324029
x137 = 0.0565229
x138 = 0.140266
x139 = 0.338063
x140 = 0.614867
x141 = 1.03672
x142 = 1.64354
x143 = 2.49839
x144 = 3.68453
x145 = 5.19788
x146 = 7.0688
x147 = 9.01118
x148 = 10.9562
x149 = 11.945
x150 = 4.563
x151 = -0.0295694
x152 = 0.0876441
x153 = 0.197021
x154 = 0.406463
x155 = 0.650483
x156 = 0.996021
x157 = 1.48824
x158 = 2.19952
x159 = 3.23697
x160 = 4.64898
x161 = 6.59096
x162 = 8.89354
x163 = 11.5082
x164 = 13.1459
x165 = 5.08556
x166 = -0.0174627
x167 = 0.165703
x168 = 0.332794
x169 = 0.554312
x170 = 0.738827
x171 = 0.976433
x172 = 1.32201
x173 = 1.84479
x174 = 2.6532
x175 = 3.81268
x176 = 5.59173
x177 = 8.04772
x178 = 11.4244
x179 = 14.0916
x180 = 5.55319
x181 = 0.0313485
x182 = 0.350428
x183 = 0.602852
x184 = 0.790997
x185 = 0.872756
x186 = 0.984579
x187 = 1.17854
x188 = 1.50757
x189 = 2.05318
x190 = 2.8541
x191 = 4.1793
x192 = 6.24306
x193 = 9.92872
x194 = 14.0751
x195 = 5.71846
x196 = 0.17342
x197 = 0.773772
x198 = 1.00439
x199 = 1.05556
x200 = 1.01016
x201 = 1.00939
x202 = 1.07504
x203 = 1.24874
x204 = 1.55916
x205 = 2.02502
x206 = 2.77845
x207 = 3.99291
x208 = 6.61146
x209 = 11.7497
x210 = 6.07936
x211 = 0.850724
x212 = 1.41379
x213 = 1.36238
x214 = 1.24531
x215 = 1.1097
x216 = 1.03063
x217 = 1.01761
x218 = 1.09061
x219 = 1.25004
x220 = 1.48964
x221 = 1.82667
x222 = 2.28885
x223 = 3.16736
x224 = 5.56846
x225 = 1.84127
